-2.12407671029
0.866531441909
0.138
0.0
0.0
-0.750201453433
0.661209330899
1.81828833871
0.518472909251
0.138
0.0
0.0
-0.739391321674
0.673275926669
-2.22721401345
-0.21698004127
0.138
0.0
0.0
0.682759042438
0.730643613514
-1.57123282498
-0.355463269062
0.138
0.0
0.0
0.665571905945
0.746333730992
-0.472353919013
-0.412340022527
0.138
0.0
0.0
0.688785718945
0.72496498769
0.111235584966
-0.474277150933
0.138
0.0
0.0
0.670863958673
0.741580439975
1.1909178649
-0.528048283956
0.138
0.0
0.0
0.698770761252
0.715345666947
1.79256985288
-0.574782411734
0.138
0.0
0.0
0.708563122271
0.705647434459
-1.39420478028
0.833948434025
0.138
0.0
0.0
-0.730192657404
0.683241306621
-1.23674327782
0.863005197472
0.138
0.0
0.0
-0.751177715516
0.660100022506
-1.15215658974
0.805499908502
0.138
0.0
0.0
-0.739723720992
0.672910704776
-0.989667108762
0.780008980687
0.138
0.0
0.0
-0.759490732767
0.650518121839
-0.869114409632
0.77725039922
0.138
0.0
0.0
-0.738188118041
0.674594917253
-0.793126336922
0.725409315498
0.138
0.0
0.0
-0.712348300847
0.701826116841
-0.677701604839
0.739777039215
0.138
0.0
0.0
-0.755592635364
0.655041807356
-0.477726593937
0.789016232299
0.138
0.0
0.0
-0.710927711487
0.703265091584
-0.372237046789
0.663103703949
0.138
0.0
0.0
-0.761580842985
0.648069918757
-0.285962006929
0.673131316321
0.138
0.0
0.0
-0.730650475473
0.682751699149
-0.122543248311
0.735348647992
0.138
0.0
0.0
-0.717901822161
0.696144362714
0.0184823671518
0.663677025995
0.138
0.0
0.0
-0.717308069547
0.696756150574
0.022297591988
0.686179889357
0.138
0.0
0.0
-0.71665945864
0.69742327201
0.155739722808
0.695945864529
0.138
0.0
0.0
-0.742298820981
0.670068996724
0.448166157445
0.640601682256
0.138
0.0
0.0
-0.720743858168
0.693201479307
0.519362557693
0.641494279286
0.138
0.0
0.0
-0.693529917756
0.720427826487
0.670941096655
0.613140082612
0.138
0.0
0.0
-0.742583171596
0.669753860208
0.739884788753
0.616243948188
0.138
0.0
0.0
-0.740192972204
0.6723945002
0.950270190267
0.697990059069
0.138
0.0
0.0
-0.736042116248
0.676935745185
1.00902885588
0.656856499086
0.138
0.0
0.0
-0.71595606766
0.698145335285